333 33333 t 3333333 3333331333

33333333 (Cap. 49..§ 30.)o 13313 1333313133333333133
{ungo 33 motus locans 333 3333331333 333 tt

30333 3333133333 333 3133 333333331333333

3333 333333333333 3333333133 3333113333 333
· 33333333 33 10 seq.) 333333333133333 333
3133333313333333333333333333 3333133333
33331333 33311333 3333
33333 333333333331333333
1

3333 3133333333313333 3313333 33 3313333
31333333 333333133333311333331 Θ3313 3 3133311
33111 333 33303333333333333 othefi 333333
mab 3333333 33333333 3333 3133131333 333133 3333313

33 3333 33 33 Z1mmermanns8cr1ptura per·

quamq, 1331333333 3331133 3331331333 &tache um
313 ’3331333331 33313 33 33333 131

&amitob etauussgeimathematisussemiss
3333333 63133333333333333 3133333333133
’333 33 333133 3313133 333 3131333333333 333
333331333333331133ἐὶ3ε3ἓ3833ὴ 333313ὲέἓὲ 3333331333
glbfftffb‘eig‘ss‘ajgnssm 331133313133333333333333133113

Ι333313133333133333333131333313333 333333
3333333333333333333

Q&

 

