99999999 99

’ 999 9. 9999.

9999 999 9999999 99999999 999

993999 999999 999 99999 99 9999 999
999 0999919999999999999999, 9999 9999.
9999999999 9999999999

99
W& 99999 999 99 9999999999 ω9ῠὶο999 99999999
99 6621625696 9999 9999999999

9999999999 999 99999999 999999 999

circuli 9999999999, 999 9999999999 9999 99
999999 999999 99999,

ἰὒ99939999919919999ξ999999999999999999999919999

ζ 9999999999 [inb 999999 999999 999999999999-ιι 9999. ,9
,9989989999999999999999999919999909,

99 999 (999999 9999 ιο 99999999 999 99999 999 9999
{sus 9999999999. 999 9999999999
699919999991199999ΐ999999999999
999999 tet 9999999999 999999999999999
f 9999999 3999999999999991899999999 999
99999999 ΝνΛΝ, 20 (99999 9999999

3999999999999993, 99999999 999999
99999999999999999999999999 9991991999 GE
99999999 999999999999999
99999 999 9999999999999 999’(39999999999999

999Ρ9999999999 99999999999999999999999
9 (ἢ 999· ⁷).

'ff 949999

 

