Ι11131611.

rm
0ae 1 ’

Ρ111161111116111111,11116161311116ιί616.

0111111111, ,111 11 111 111 1661111 1ος
Qincunx. 306. ·

(λυ-11111111 305.

ᾖ111611116131111111111111111 16 111. ς,
1111111111111111111311111111

111611111161111111311161111, 1391611 611Ι

11113141,11411111611111161131111111.Ι
1311111116111164111131,
1111311611,11111111 1111116161. 167.

RevolutioPlanetaeveraRmedim 215.

-86113111111111166116 136
11611111,111161611111111, 35
16113616811111111. 138 6111ὓ111111111,141,
11161Ν111ἱο1,116661144. 35.

6111311313, 1111111118 111111 16, 161. 167.

11111111161111,’ 1 6164411111, ..171 1 1611161111

”11116111.111111111111...Δ
61113111 111641161617416116411611116
[fn ἓξωιξιξῖ ι1ι699ε16ῑ11εέ111ῗῖς11,61

Satel 55⁶5 1111 1611171 11111 61616113) 111131
111611111611,17111111111116111.
Saturnus, 131. 611616611111111111 1111114141
11661111611111,11646

1 111111 6111133 6111111161 11111 1161 4

 

