. 333 bam. (33333333

33333333 333333 333 me 633333 3333 333

3333Ε3333333 333 333393 3333 33333 333 33333
3333333333 33333333333333 333313
· 3333333333 3333 3333333333 33333333( p.54.
. {ch ) 333 ihre 333 3333 3333 333333333333

33333 9333333333 333333 (Cap 32 3 3 3.3)3
33333333333333333 3333333333
33Μ33333 3333 3333333333

Sbide 33 3333333333 333 3333333333 &annena
3333333333333333333333333333,3333333333
verum seu ap arens, 3333333333 3333333333 3333
33333333333333 3333 33 3 d> 3333 333 33333333
3333 333333333333333333333333333 3333333

, 333 33333333333333 33333333333333333333

3333333333.
33333333333333333133333333333333 dna
3333 3333333333 3333 33333333 33 3833 ed> 3313ιὲ ξ 31333
3333953333,ιὶΙὲάέΞῖ33333331339333333333333333 vta
3333333333 3333 Duabet 33333333 3333333
333 3333333333 333333 333333333Αὼ33οωί
333333 {flet 3333 333333ἐδ33333333 333333 33 3 <b
3333 3333333333 333333 3333333

&ie 3333333333 sud>S 33333333 33 3333333333
3333333333333ῗηῖ3ῗὲἕὲἑῖ3333333
Culmination (Cap. 46.) bi& 3333ᾗ 33333333 3 333ξ
vid> 333 333 3333333333, 333 3333333 3833333
3333333 333 33· min. 3 hec 33 tert 3333·

btv

 

